0 2
0 2
1 8
2 14
3 41
4 65
5 147
6 319
7 544
8 1037
9 1464
10 2330
11 3419
12 4529
13 5878
14 7018
15 8401
16 9574
17 10242
18 11124
19 11902
20 12645
21 13208
22 13737
23 14484
24 15405
25 16333
26 17415
27 18542
28 19387
29 20214
30 20138
31 19552
32 18726
33 16620
34 14366
35 11734
36 9305
37 6846
38 4920
39 3371
40 2113
41 1347
42 829
43 468
44 290
45 189
46 135
47 103
48 92
49 72
50 59
51 78
52 63
53 63
54 57
55 74
56 43
57 57
58 56
59 63
60 64
61 70
62 61
63 46
64 51
65 53
66 62
67 62
68 39
69 47
70 47
71 54
72 47
73 50
74 38
75 56
76 46
77 43
78 52
79 49
80 38
81 52
82 34
83 45
84 54
85 53
86 41
87 48
88 37
89 43
90 45
91 52
92 43
93 51
94 39
95 36
96 44
97 51
98 34
99 33
100 39
101 39
102 40
103 42
104 42
105 37
106 51
107 56
108 38
109 48
110 35
111 43
112 46
113 37
114 32
115 38
116 40
117 48
118 42
119 54
120 41
121 49
122 58
123 44
124 66
125 57
126 54
127 48
128 63
129 59
130 55
131 57
132 50
133 67
134 67
135 61
136 61
137 67
138 74
139 71
140 79
141 67
142 74
143 69
144 70
145 63
146 79
147 77
148 69
149 59
150 59
151 68
152 77
153 77
154 54
155 62
156 74
157 78
158 70
159 67
160 87
161 82
162 119
163 118
164 153
165 140
166 146
167 162
168 198
169 240
170 243
171 263
172 324
173 406
174 456
175 544
176 540
177 739
178 814
179 895
180 1103
181 1137
182 1223
183 1325
184 1377
185 1435
186 1540
187 1499
188 1421
189 1440
190 1289
191 1248
192 1109
193 1089
194 919
195 889
196 744
197 658
198 554
199 537
200 450
201 416
202 357
203 311
204 263
205 227
206 201
207 207
208 143
209 150
210 108
211 122
212 97
213 112
214 89
215 72
216 90
217 87
218 80
219 75
220 65
221 64
222 80
223 80
224 90
225 81
226 99
227 85
228 84
229 69
230 71
231 82
232 72
233 72
234 60
235 60
236 51
237 51
238 38
239 54
240 46
241 29
242 23
243 25
244 18
245 19
246 11
247 6
248 7
249 6
250 2
251 7
252 1
253 0
254 1
